,Customer ID,Customer Age,Gender,Education,Marital Status,Income Category,Income Numeric,Snapshot Month,Month on Book,Credit_Limit,Utilization,FICO,external_bank_credit_card_max_util_greater_than_50,external_bank_credit_card_max_util_greater_than_90,Credit_Inquiries,Delinquency,Revolving_Bal,Total_Debt,Debt_to_Income_Ratio,Interchange Fee,Late_Fee_Revenue,Monthly_Interest_Revenue,Annual_Fee,Total Revenue,Delinquency_Weight,ECL Ratio,ECL,ECL MoM Charge,Profit,Cumulative Profit,MoM Cumulative Profit Change
0,100872,21,M,High School,Single,$40k - $60k,46000,2016-03-31,1,5600,0.19973121764672244,691.0,1,0,1,0,950.8454433013353,32387.381119577287,0.6487404974986001,22.369896376432912,0,19.500255299704886,0,41.870151676137795,0.05,0.05224659023867238,58.43754048305263,58.43754048305263,-16.567388806914835,-16.567388806914835,-16.567388806914835
1,100872,21,M,High School,Single,$40k - $60k,46000,2016-04-30,2,5600,0.22326369590943188,690.0,1,0,1,0,1062.87474943245,31936.27289586793,0.6901987743048749,25.00553394185637,0,21.79778965294383,0,46.803323594800204,0.05,0.05247630834158033,65.60990546893538,7.172364985882751,39.63095860891745,23.06356980200262,39.63095860891745
2,100872,21,M,High School,Single,$40k - $60k,46000,2016-05-31,3,5600,0.21638289055275226,690.0,1,0,1,0,1030.117814904496,31419.65080310266,0.675149193670725,24.234883741908252,0,21.125999520666372,0,45.360883262574625,0.05,0.05240621231809275,63.50292314413689,-2.106982324798487,47.46786558737311,70.53143538937573,47.46786558737311
3,100872,21,M,High School,Single,$40k - $60k,46000,2016-06-30,4,5600,0.20329371536428495,690.0,1,0,1,0,967.8051592707599,30778.40339906992,0.6542904178939379,22.768896120799916,0,19.8480708080445,0,42.61696692884442,0.05,0.05228064014080822,59.518623224749234,-3.9842999193876594,46.60126684823208,117.13270223760782,46.601266848232086
4,100872,21,M,High School,Single,$40k - $60k,46000,2016-07-31,5,5600,0.19527668805204562,691.0,1,0,1,0,929.6390980086275,30060.823872512916,0.6370471245688059,21.87098906182911,0,19.065348501660267,0,40.936337563489374,0.05,0.052199260628985174,57.082472912605084,-2.43615031214415,43.372487875633524,160.50519011324133,43.37248787563351
5,100872,21,M,High School,Single,$40k - $60k,46000,2016-08-31,6,5600,0.17622677892583938,691.0,1,0,1,0,838.9496229161745,29161.865395771005,0.5689071181756888,19.73739923969401,0,17.20545851663921,0,36.942857756333225,0.05,0.05197872134958241,51.29623876227573,-5.786234150329356,42.72909190666258,203.2342820199039,42.729091906662575
6,100872,21,M,High School,Single,$40k - $60k,46000,2016-09-30,7,5600,0.22677900966477316,689.0,1,0,1,1,1079.6098402481125,28744.22735369297,0.7069246867859111,25.399249082454595,30,0.0,0,55.399249082454595,0.15,0.1525211567641041,193.6961425497792,142.3999037875035,-87.0006547050489,116.233627314855,-87.0006547050489
7,100872,21,M,High School,Single,$40k - $60k,46000,2016-10-31,8,5600,0.18924200441183844,691.0,1,0,1,0,900.910231741936,27969.190094602585,0.6256169808735588,21.195104494125907,0,18.476167335974203,0,39.67127183010011,0.05,0.052139553016168266,55.2551637227352,-138.440978827044,178.1122506571441,294.34587797199913,178.11225065714413
8,100872,21,M,High School,Single,$40k - $60k,46000,2016-11-30,9,5600,0.17777711060717385,691.0,1,0,1,0,846.3301707953245,27084.992713618976,0.5786545368709337,19.911036388003474,0,17.356821252727446,0,37.267857640730924,0.05,0.05200087142172833,51.76956215429613,-3.4856015684390655,40.75345920916999,335.0993371811691,40.75345920916999
9,100872,21,M,High School,Single,$40k - $60k,46000,2016-12-31,10,5600,0.21530837364361624,690.0,1,0,1,0,1025.002442761673,26558.139876568064,0.6670733542560399,24.11453784808502,0,21.02109176363731,0,45.13562961172233,0.05,0.05238954034340497,63.1674776727408,11.39791551844467,33.73771409327766,368.83705127444676,33.737714093277646
10,100872,22,M,High School,Single,$40k - $60k,46000,2017-01-31,11,5600,0.20753959503993558,690.0,1,0,1,0,988.018200526729,25957.318555047263,0.6643993825594666,23.244434644472786,0,20.262606595802332,0,43.507041240275115,0.05,0.05232471614287895,60.812922233687,-2.3545554390538044,45.86159667932892,414.69864795377566,45.8615966793289
11,100872,22,M,High School,Single,$40k - $60k,46000,2017-02-28,12,5600,0.2031554038750295,690.0,1,0,1,0,967.1467101266337,25314.75425272627,0.6594714069546943,22.753405234003303,0,19.834567113513714,100,142.58797234751702,0.05,0.052284714637954935,59.48276498508065,-1.3301572486063478,143.91812959612338,558.6167775498991,143.91812959612344
12,100872,22,M,High School,Single,$40k - $60k,46000,2017-03-31,13,5600,0.21136172427223,690.0,2,1,3,0,1006.213924795852,25756.53830453957,0.9220659459014123,23.67251311848976,0,20.635770574354932,0,44.3082836928447,0.05,0.052612959740079256,62.27404898247999,2.79128399739934,41.51699969544536,600.1337772453445,41.516999695445406
13,100872,22,M,High School,Single,$40k - $60k,46000,2017-04-30,14,5600,0.31041231484579046,685.0,2,1,3,0,1477.7566501286622,27612.950532351297,1.2938435338056944,34.766179262728535,0,30.306325966388645,0,65.07250522911718,0.05,0.05377714205257202,93.4812880418468,31.207239059366806,33.86526616975038,633.9990434150949,33.865266169750385
14,100872,22,M,High School,Single,$40k - $60k,46000,2017-05-31,15,5600,0.4108753422160991,680.0,2,1,3,0,1956.0234574951314,30904.163182262433,1.6677921388333767,46.018038328203104,0,40.11478107412932,0,86.13281940233242,0.05,0.05495479487656217,126.44559284740886,32.964304805562065,53.16851459677035,687.1675580118653,53.168514596770365
15,100872,22,M,High School,Single,$40k - $60k,46000,2017-06-30,16,5600,0.615261317023486,670.0,3,2,3,1,2929.0284544608344,37114.39082307067,2.4266442811110864,68.90926750663043,30,0.0,0,98.90926750663043,0.15,0.15734873481729897,542.1393029677554,415.6937101203465,-316.78444261371607,370.3831153981492,-316.78444261371607
16,100872,22,M,High School,Single,$40k - $60k,46000,2017-07-31,17,5600,0.9,660.0,3,2,3,2,4284.562568906186,47391.220807214966,3.4904172852540327,25.977918477465025,30,0.0,0,55.977918477465025,0.4,0.4106904172852541,2069.8797031176805,1527.740400149925,-1471.7624816724601,-1101.379366274311,-1471.7624816724601
17,100872,22,M,High School,Single,$40k - $60k,46000,2017-08-31,18,5600,0.9086188226087537,655.0,3,3,4,3,4325.593551947863,57791.14374048429,3.5314256238434596,0.216186045353404,30,0.0,0,30.216186045353403,0.65,0.6608003762047135,3362.3276949166707,1292.4479917989902,-1262.2318057536368,-2363.6111720279478,-1262.2318057536368
18,100872,22,M,High School,Single,$40k - $60k,46000,2017-09-30,19,5600,0.9184594124333081,655.0,3,3,4,4,4325.593551947863,68191.06667375361,3.5303920822352546,0.0,0,0.0,0,0.0,0.72,0.7308780673817017,3759.1783058356214,396.8506109189507,-396.8506109189507,-2760.4617829468984,-396.8506109189507
19,100872,22,M,High School,Single,$40k - $60k,46000,2017-10-31,20,5600,0.9264319800138734,655.0,3,3,4,5,4325.593551947863,78590.98960702293,3.525737571133208,0.0,0,0.0,0,0.0,0.8,0.8109371934112443,4207.157638649685,447.97933281406404,-447.97933281406404,-3208.4411157609625,-447.97933281406404
20,100872,22,M,High School,Single,$40k - $60k,46000,2017-11-30,21,5600,0.935127323103902,655.0,3,3,4,6,4325.593551947863,88990.91254029225,3.526750032311987,0.0,0,0.0,0,0.0,0.84,0.8510077686171432,4456.4834530024145,249.32581435272914,-249.32581435272914,-3457.7669301136916,-249.32581435272914
21,100872,22,M,High School,Single,$40k - $60k,46000,2017-12-31,22,5600,0.9463467954202881,655.0,3,3,4,7,4325.593551947863,99390.83547356157,3.5299126120681836,0.0,0,0.0,0,0.0,0.86,0.8711006869754305,4616.434724202617,159.95127120020243,-159.95127120020243,-3617.718201313894,-159.95127120020243
22,100873,21,M,High School,Single,$40k - $60k,46000,2016-03-31,1,7400,0.2011779567194576,690.0,1,0,1,0,1256.2391189861733,32560.46695042205,0.8086091322464205,29.774337594479725,0,25.763370598541435,0,55.53770819302116,0.05,0.052418032786002086,78.03561021044663,78.03561021044663,-22.497902017425474,-22.497902017425474,-22.497902017425474
23,100873,21,M,High School,Single,$40k - $60k,46000,2016-04-30,2,7400,0.21872312746416483,690.0,1,0,1,0,1365.798487210243,32840.03412696694,0.8546833151857519,32.3710228646964,0,28.010250641870066,0,60.381273506566465,0.05,0.052604468334899075,85.14302236271077,7.107412152264132,53.27386135430233,30.77595933687686,53.27386135430233
24,100873,21,M,High School,Single,$40k - $60k,46000,2016-05-31,3,7400,0.22089314262916673,690.0,1,0,1,0,1379.348967508987,33146.702264109306,0.8595931980786496,32.69218510911668,0,28.288148408663474,0,60.98033351778015,0.05,0.05262673833911199,86.02415357356483,0.8811312108540648,60.09920230692609,90.87516164380295,60.099202306926095
25,100873,21,M,High School,Single,$40k - $60k,46000,2016-06-30,4,7400,0.19828367986401363,691.0,1,0,1,0,1238.1660464374982,33171.0045591087,0.7937884958742867,29.345984619874017,0,25.39272200235569,0,54.73870662222971,0.05,0.0523800579347864,76.85721872711758,-9.166934846447248,63.905641468676954,154.7808031124799,63.90564146867695
26,100873,21,M,High School,Single,$40k - $60k,46000,2016-07-31,5,7400,0.2248868689105768,690.0,1,0,1,0,1404.2874611046188,33527.54968344233,0.8767964873182204,33.28325659876536,0,28.79959534815389,0,62.08285194691925,0.05,0.05267589143860284,87.6612605659863,10.804041838868713,51.278810108050536,206.05961322053042,51.27881010805052
27,100873,21,M,High School,Single,$40k - $60k,46000,2016-08-31,6,7400,0.18705171050890013,691.0,1,0,1,0,1168.0289423668771,33411.577770300486,0.743884572856215,27.68365315531722,0,23.954326893040705,0,51.637980048357925,0.05,0.05224029825692742,72.31011488375508,-15.35114568223122,66.98912573058914,273.04873895111956,66.98912573058914
28,100873,21,M,High School,Single,$40k - $60k,46000,2016-09-30,7,7400,0.1742987837091221,692.0,1,0,1,0,1088.3943452733733,33136.33666297163,0.7163424325041159,25.79621998895007,0,22.321154030981432,0,48.1173740199315,0.05,0.052110732702177094,67.21299622853674,-5.097118655218338,53.21449267514984,326.26323162626943,53.21449267514987
29,100873,21,M,High School,Single,$40k - $60k,46000,2016-10-31,8,7400,0.22851169047652947,689.0,1,0,1,1,1426.9223597026028,33538.15158450123,0.8855435784174527,33.819730190526364,30,0.0,0,63.819730190526364,0.15,0.15271363710222968,258.2367001605682,191.02370393203148,-127.20397374150511,199.05925788476432,-127.20397374150511
30,100873,21,M,High School,Single,$40k - $60k,46000,2016-11-30,9,7400,0.20950982373921606,690.0,1,0,1,0,1308.2667737804175,33702.655334186464,0.8213666853604035,31.007453913403978,0,26.830371085613393,0,57.83782499901737,0.05,0.052497445275274134,81.39060574722551,-176.8460944133427,234.68391941236007,433.74317729712436,234.68391941236004
31,100873,21,M,High School,Single,$40k - $60k,46000,2016-12-31,10,7400,0.18566181634890094,691.0,1,0,1,0,1159.3498631898465,33569.32526269055,0.7448767212600257,27.47794881963734,0,23.77633344425177,0,51.25428226388911,0.05,0.05223017125205123,71.75889862523786,-9.631707121987645,60.885989385876755,494.62916668300113,60.88598938587677
32,100873,22,M,High School,Single,$40k - $60k,46000,2017-01-31,11,7400,0.195893673952665,691.0,1,0,1,0,1223.2418521102277,33563.779169035406,0.7882961032008965,28.99226374499442,0,25.086651650360587,0,54.07891539535501,0.05,0.05235544549482222,75.89514421362827,4.136245588390409,49.9426698069646,544.5718364899658,49.94266980696466
33,100873,22,M,High School,Single,$40k - $60k,46000,2017-02-28,12,7400,0.1954590984307321,691.0,1,0,1,0,1220.5281811906684,33552.80573354114,0.7855628293737338,28.92794656774835,0,25.030998782585293,100,153.95894535033364,0.05,0.052349235616819596,75.71779453929129,-0.17734967433698046,154.13629502467063,698.7081315146364,154.13629502467063
34,100873,22,M,High School,Single,$40k - $60k,46000,2017-03-31,13,7400,0.21311418877830662,690.0,2,1,3,0,1330.7739332875888,35093.09773552831,1.1786810696621044,31.54089993918938,0,27.291955415172968,0,58.83285535436235,0.05,0.05288359457988856,83.39980825344615,7.682013714154863,51.15084164020749,749.8589731548439,51.15084164020743
35,100873,22,M,High School,Single,$40k - $60k,46000,2017-04-30,14,7400,0.31938726984261795,685.0,2,1,3,0,1994.3874022043067,38624.23014426563,1.698543132952544,47.26931593670746,0,40.90156164020666,0,88.17087757691411,0.05,0.054253641291693494,128.22662554669284,44.82681729324669,43.34406028366742,793.2030334385113,43.34406028366743
36,100873,22,M,High School,Single,$40k - $60k,46000,2017-05-31,15,7400,0.4176793550747652,680.0,2,1,3,0,2608.1642024505536,43996.69295374169,2.178170977938982,61.816544551065256,0,53.48910085192344,0,115.30564540298869,0.05,0.055519605818537106,171.60150932695902,43.374883780266174,71.93076162272251,865.1337950612337,71.93076162272246
37,100873,22,M,High School,Single,$40k - $60k,46000,2017-06-30,16,7400,0.6170061511956679,670.0,3,2,3,1,3852.8439021178724,53103.194862219694,3.165740443716616,91.31691037695886,30,0.0,0,121.31691037695886,0.15,0.15810178965328195,721.8683478102774,550.2668384833185,-428.9499281063596,436.18386695487413,-428.9499281063596
38,100873,22,M,High School,Single,$40k - $60k,46000,2017-07-31,17,7400,0.9,660.0,3,2,3,2,5619.975595359076,67511.09185042132,4.553793902195149,34.044439158416864,30,0.0,0,64.04443915841686,0.4,0.4117537939021952,2742.2802673886204,2020.4119195783428,-1956.3674804199259,-1520.1836134650516,-1956.3674804199259
39,100873,22,M,High School,Single,$40k - $60k,46000,2017-08-31,18,7400,0.9059331255706338,655.0,3,3,4,3,5657.024507482589,82030.13557499347,4.580205351436544,0.13814511637526825,30,0.0,0,30.138145116375266,0.65,0.6618276703560017,4436.829913961103,1694.5496465724823,-1664.411501456107,-3184.5951149211587,-1664.411501456107
40,100873,22,M,High School,Single,$40k - $60k,46000,2017-09-30,19,7400,0.9188391470572776,655.0,3,3,4,4,5657.024507482589,96549.17929956564,4.576952033076418,0.0,0,0.0,0,0.0,0.72,0.7319276652095346,4976.676057904776,539.8461439436733,-539.8461439436733,-3724.441258864832,-539.8461439436733
41,100873,22,M,High School,Single,$40k - $60k,46000,2017-10-31,20,7400,0.92582466814453,655.0,3,3,4,5,5657.024507482589,111068.22302413781,4.567877363274416,0.0,0,0.0,0,0.0,0.8,0.8119744747084306,5562.920389556838,586.2443316520621,-586.2443316520621,-4310.685590516894,-586.2443316520621
42,100873,22,M,High School,Single,$40k - $60k,46000,2017-11-30,21,7400,0.9383330690688804,655.0,3,3,4,6,5657.024507482589,125587.26674870998,4.568444168236279,0.0,0,0.0,0,0.0,0.84,0.8520751087207873,5916.523863639504,353.60347408266625,-353.60347408266625,-4664.28906459956,-353.60347408266625
43,100873,22,M,High School,Single,$40k - $60k,46000,2017-12-31,22,7400,0.9476518824450262,655.0,3,3,4,7,5657.024507482589,140106.31047328215,4.570053628422641,0.0,0,0.0,0,0.0,0.86,0.8721512686879829,6116.068857462487,199.5449938229831,-199.5449938229831,-4863.834058422543,-199.5449938229831
44,100874,21,M,High School,Single,$40k - $60k,46000,2016-03-31,1,8400,0.18239272982521695,691.0,1,0,1,0,1301.9086156808714,31171.172413473327,0.8193466673507362,30.641978610636446,0,26.69997585992187,0,57.34195447055832,0.05,0.05227848850595247,80.09581632978995,80.09581632978995,-22.753861859231634,-22.753861859231634,-22.753861859231634
45,100874,21,M,High School,Single,$40k - $60k,46000,2016-04-30,2,8400,0.195829565488787,691.0,1,0,1,0,1397.8199611311725,31514.775341319924,0.8822221927103865,32.899367002116215,0,28.66695770286513,0,61.56632470498134,0.05,0.05244885871662069,86.2767125880123,6.180896258222347,55.38542844675899,32.63156658752736,55.38542844675899
46,100874,21,M,High School,Single,$40k - $60k,46000,2016-05-31,3,8400,0.2172142169933733,690.0,1,0,1,0,1550.4623502430254,32163.66304739023,0.9620944099980537,36.491988454886716,0,31.797398699567378,0,68.28938715445409,0.05,0.05269980814594504,96.15603952182856,9.879326933816259,58.41006022063783,91.04162680816519,58.41006022063783
47,100874,21,M,High School,Single,$40k - $60k,46000,2016-06-30,4,8400,0.18639058479258158,691.0,1,0,1,0,1330.445070128602,32372.516193231688,0.8265798852328822,31.31361824515371,0,27.285210979887413,0,58.59882922504112,0.05,0.052317704563573535,81.91283140832388,-14.243208113504679,72.8420373385458,163.883664146711,72.84203733854581
48,100874,21,M,High School,Single,$40k - $60k,46000,2016-07-31,5,8400,0.1995014560294017,691.0,1,0,1,0,1424.0297006051328,32768.53860002621,0.8968067644509494,33.51624461293949,0,29.20447577657693,0,62.720720389516416,0.05,0.05249281841268617,87.96810711711016,6.055275708786283,56.66544468073013,220.54910882744113,56.66544468073013
49,100874,21,M,High School,Single,$40k - $60k,46000,2016-08-31,6,8400,0.18070882221039677,691.0,1,0,1,0,1289.8889818180203,32896.2795692465,0.8047874198594487,30.35908213134666,0,26.453473202117898,0,56.81255533346456,0.05,0.052250457997542625,79.31379728739377,-8.654309829716397,65.46686516318096,286.0159739906221,65.46686516318098
50,100874,21,M,High School,Single,$40k - $60k,46000,2016-09-30,7,8400,0.17211933424434503,692.0,1,0,1,0,1228.5777201355725,32901.3980151019,0.7781979481485841,28.916048153049964,0,25.196081410447032,0,54.11212956349699,0.05,0.052155152622103344,75.40604523252053,-3.9077520548732423,58.019881618370235,344.03585560899234,58.01988161837022
51,100874,21,M,High School,Single,$40k - $60k,46000,2016-10-31,8,8400,0.19571773822793825,691.0,1,0,1,0,1397.0217446972913,33243.404510080734,0.8726100200855375,32.88058002229363,0,28.650587614166948,0,61.53116763646058,0.05,0.052438351925909045,86.21017133685238,10.804126104331857,50.72704153212872,394.7628971411211,50.72704153212874
52,100874,21,M,High School,Single,$40k - $60k,46000,2016-11-30,9,8400,0.1756579139229244,691.0,1,0,1,0,1253.8358944895085,33299.03930464401,0.807958950730383,29.5105295390513,0,25.714084469489002,0,55.2246140085403,0.05,0.05221322226211378,77.04199189475798,-9.168179442094399,64.3927934506347,459.1556905917558,64.39279345063471
53,100874,21,M,High School,Single,$40k - $60k,46000,2016-12-31,10,8400,0.2281164725290239,689.0,1,0,1,1,1628.2820112888332,34103.56633280593,0.9808721098022318,38.323567384876014,30,0.0,0,68.32356738487601,0.15,0.15280580389003443,292.8031761089942,215.7611842142362,-147.4376168293602,311.7180737623956,-147.4376168293602
54,100874,22,M,High School,Single,$40k - $60k,46000,2017-01-31,11,8400,0.18255328427984344,691.0,1,0,1,0,1303.0546439680977,34257.63862632638,0.8247502747323776,30.668951759013698,0,26.723478990045738,0,57.392430749059436,0.05,0.05228517654897113,80.17657786459549,-212.6265982443987,270.01902899345816,581.7371027558538,270.0190289934582
55,100874,22,M,High School,Single,$40k - $60k,46000,2017-02-28,12,8400,0.1846422957340736,691.0,1,0,1,0,1317.9658852940242,34441.53340249868,0.821909914954227,31.019905683324364,0,27.029283697571614,100,158.049189380896,0.05,0.05229904828082682,81.11557724994377,0.9389993853482821,157.11018999554773,738.8472927514015,157.11018999554767
56,100874,22,M,High School,Single,$40k - $60k,46000,2017-03-31,13,8400,0.21120694801047915,690.0,2,1,3,0,1507.5828163217066,36512.244857048056,1.3145407128854525,35.4827672657605,0,30.918010924731,0,66.40077819049151,0.05,0.053004196296969286,94.03677806570228,12.92120081575851,53.479577374733,792.3268701261345,53.479577374733026
57,100874,22,M,High School,Single,$40k - $60k,46000,2017-04-30,14,8400,0.3159791270215557,685.0,2,1,3,0,2255.4404895353914,40826.52933123849,1.8963258613290426,53.08449333962135,0,46.25532537288832,0,99.33981871250967,0.05,0.05442415887750149,144.4539449723611,50.417166906658835,48.92265180585083,841.2495219319853,48.92265180585082
58,100874,22,M,High School,Single,$40k - $60k,46000,2017-05-31,15,8400,0.4188481582103817,680.0,2,1,3,0,2989.713605134985,47343.6331522277,2.480890543356616,70.36649057934413,0,61.314043185309984,0,131.68053376465411,0.05,0.05583167580903967,196.43395449228925,51.98000951992813,79.70052424472598,920.9500461767113,79.70052424472601
59,100874,22,M,High School,Single,$40k - $60k,46000,2017-06-30,16,8400,0.6128214416593394,670.0,3,2,3,1,4374.283533860243,58014.44675939269,3.561248041971478,102.95400219876902,30,0.0,0,132.95400219876902,0.15,0.1584638195752462,815.7242214487617,619.2902669564725,-486.3362647577035,434.61378141900786,-486.3362647577035
60,100874,22,M,High School,Single,$40k - $60k,46000,2017-07-31,17,8400,0.9,660.0,3,2,3,2,6424.147252116992,74834.85152132792,5.165857998411322,39.585442906853594,30,0.0,0,69.58544290685359,0.4,0.41236585799841136,3117.48588646799,2301.7616650192285,-2232.176222112375,-1797.562440693367,-2232.176222112375
61,100874,22,M,High School,Single,$40k - $60k,46000,2017-08-31,18,8400,0.9073980449078667,655.0,3,3,4,3,6476.954063079113,91813.67671614952,5.213900515880579,0.4469696173401506,30,0.0,0,30.44696961734015,0.65,0.6624730848751436,5049.464968966223,1931.9790824982329,-1901.5321128808928,-3699.09455357426,-1901.5321128808928
62,100874,22,M,High School,Single,$40k - $60k,46000,2017-09-30,19,8400,0.9177424079557596,655.0,3,3,4,4,6476.954063079113,108792.50191097113,5.200243524088721,0.0,0,0.0,0,0.0,0.72,0.7325421827877348,5647.194224790584,597.7292558243607,-597.7292558243607,-4296.82380939862,-597.7292558243603
63,100874,22,M,High School,Single,$40k - $60k,46000,2017-10-31,20,8400,0.9288942581953582,655.0,3,3,4,5,6476.954063079113,125771.32710579273,5.201727963133607,0.0,0,0.0,0,0.0,0.8,0.8126328820286965,6340.740152352498,693.5459275619141,-693.5459275619141,-4990.369736960534,-693.5459275619141
64,100874,22,M,High School,Single,$40k - $60k,46000,2017-11-30,21,8400,0.9374106580483466,655.0,3,3,4,6,6476.954063079113,142750.15230061434,5.207910779737813,0.0,0,0.0,0,0.0,0.84,0.8527071960441246,6714.42923563678,373.6890832842819,-373.6890832842819,-5364.058820244816,-373.6890832842819
65,100874,22,M,High School,Single,$40k - $60k,46000,2017-12-31,22,8400,0.9480461420388656,655.0,3,3,4,7,6476.954063079113,159728.97749543595,5.221920234393571,0.0,0,0.0,0,0.0,0.86,0.8728062893707045,6950.669337235295,236.24010159851514,-236.24010159851514,-5600.298921843331,-236.24010159851514
66,100875,21,M,High School,Single,$40k - $60k,46000,2016-03-31,1,4200,0.1859082006298692,691.0,1,0,1,0,672.4716540586319,32393.635029136563,0.49645397880672626,15.616288852909014,0,13.791272838652443,0,29.407561691561455,0.05,0.051983719583845685,40.58963903349787,40.58963903349787,-11.182077341936413,-11.182077341936413,-11.182077341936413
67,100875,21,M,High School,Single,$40k - $60k,46000,2016-04-30,2,4200,0.19896855414902506,691.0,1,0,1,0,719.7138816949644,31376.545804610912,0.5249730106118617,16.713358548518105,0,14.76013219042756,0,31.473490738945664,0.05,0.05211672144380407,43.55227259317697,2.962633559679105,28.51085717926656,17.328779837330146,28.51085717926656
68,100875,21,M,High School,Single,$40k - $60k,46000,2016-05-31,3,4200,0.17398109541732623,692.0,1,0,1,0,629.3286396932858,30178.686096081903,0.4841735990978967,14.614412015055406,0,12.906481519043137,0,27.52089353409854,0.05,0.05187602236243651,37.906878225343746,-5.645394367833227,33.16628790193177,50.49506773926191,33.16628790193177
69,100875,21,M,High School,Single,$40k - $60k,46000,2016-06-30,4,4200,0.17523739263033944,691.0,1,0,1,0,633.8729484540715,28989.915005074465,0.4765517632473988,14.719940980948513,0,12.999677717878917,0,27.719618698827432,0.05,0.051878450904290115,38.18238677470928,0.27550854936553293,27.4441101494619,77.9391778887238,27.444110149461892
70,100875,21,M,High School,Single,$40k - $60k,46000,2016-07-31,5,4200,0.17128082226794586,692.0,1,0,1,0,619.5611461398994,27772.52030943868,0.46321217848703594,14.387589070507453,0,12.706166505419104,0,27.093755575926558,0.05,0.051833458756630604,37.287925234674866,-0.8944615400344134,27.98821711596097,105.92739500468477,27.988217115960964
71,100875,21,M,High School,Single,$40k - $60k,46000,2016-08-31,6,4200,0.17960064073216817,691.0,1,0,1,0,649.6557953546593,26615.31491223242,0.49103858767743847,15.086453821502126,0,13.323357603065137,0,28.409811424567263,0.05,0.05192784371353479,39.1703508117211,1.8824255770462344,26.52738584752103,132.4547808522058,26.527385847521032
72,100875,21,M,High School,Single,$40k - $60k,46000,2016-09-30,7,4200,0.21331249625028859,690.0,1,0,1,0,771.5991370945486,25701.996198505938,0.5459069808875299,17.918249685024243,0,15.824212303247368,0,33.742461988271614,0.05,0.05225240695088984,46.813583719477016,7.643232907755916,26.0992290805157,158.5540099327215,26.0992290805157
73,100875,21,M,High School,Single,$40k - $60k,46000,2016-10-31,8,4200,0.22670222588290587,689.0,1,0,1,1,820.032792000234,24885.544794590827,0.5764518720594356,19.042986974164094,30,0.0,0,49.042986974164094,0.15,0.15239006967912266,145.09810559457455,98.28452187509754,-49.241534900933445,109.31247503178805,-49.241534900933445
74,100875,21,M,High School,Single,$40k - $60k,46000,2016-11-30,9,4200,0.1867613699740892,691.0,1,0,1,0,675.55775891122,23780.143324497687,0.49291657673971884,15.687955077823494,0,13.854563705670937,0,29.54251878349443,0.05,0.05198700753653244,40.77849194317962,-104.31961365139493,133.86213243488936,243.1746074666774,133.86213243488936
75,100875,21,M,High School,Single,$40k - $60k,46000,2016-12-31,10,4200,0.19112483027298466,691.0,1,0,1,0,691.341373376186,22706.30908333448,0.49858445554114134,16.054485742930712,0,14.17825933232328,0,30.232745075253995,0.05,0.052027583097725025,41.76380455407846,0.9853126108988448,29.24743246435515,272.42203993103254,29.247432464355143
76,100875,22,M,High School,Single,$40k - $60k,46000,2017-01-31,11,4200,0.2195578253526168,690.0,1,0,1,0,794.1898930555765,21838.171881530052,0.569053668019221,18.442857329619812,0,16.287511056748116,0,34.73036838636793,0.05,0.05232551627084016,48.25160156409026,6.487797010011796,28.242571376356132,300.66461130738867,28.242571376356125
77,100875,22,M,High School,Single,$40k - $60k,46000,2017-02-28,12,4200,0.19051409722607898,691.0,1,0,1,0,689.1322149805399,20759.919323575552,0.49861908864567994,16.003184166990636,0,14.132953175559239,100,130.1361373425499,0.05,0.052022731866454314,41.62646794644204,-6.625133617648217,136.7612709601981,437.42588226758676,136.7612709601981
78,100875,22,M,High School,Single,$40k - $60k,46000,2017-03-31,13,4200,0.2115806491231063,690.0,2,1,3,0,765.334657645836,20599.40630859748,0.7384662288971423,17.77277452634093,0,15.695738270553354,0,33.46851279689428,0.05,0.052431111421882,46.59231607332837,4.965848126886328,28.502664670007952,465.9285469375947,28.50266467000796
79,100875,22,M,High School,Single,$40k - $60k,46000,2017-04-30,14,4200,0.3197021680459309,685.0,2,1,3,0,1156.4344392747357,21612.19263850611,1.0479511869351121,26.854982115858192,0,23.716542958792704,0,50.57152507465089,0.05,0.053605568531302564,71.97882921092706,25.38651313759869,25.185011937052202,491.1135588746469,25.185011937052195
80,100875,22,M,High School,Single,$40k - $60k,46000,2017-05-31,15,4200,0.412132305309982,680.0,2,1,3,0,1490.7749744433409,23628.00057392055,1.3081478575419108,34.61911364603849,0,30.573310100875513,0,65.192423746914,0.05,0.05460520630002177,94.51919212829154,22.540362917364476,42.65206082954953,533.7656197041964,42.6520608295495
81,100875,22,M,High School,Single,$40k - $60k,46000,2017-06-30,16,4200,0.6136087539960899,670.0,3,2,3,1,2219.5604731075555,27830.16500532764,1.8835913779981337,51.54313533567156,30,0.0,0,81.54313533567156,0.15,0.15679246140996686,404.0787529033491,309.55956077505755,-228.01642543938598,305.7491942648104,-228.016425439386
82,100875,22,M,High School,Single,$40k - $60k,46000,2017-07-31,17,4200,0.9,660.0,3,2,3,2,3255.5018369401055,35140.153528232375,2.6827003734990384,19.71451542285397,30,0.0,0,49.71451542285397,0.4,0.40988270037349905,1549.3566074118266,1145.2778545084775,-1095.5633390856235,-789.8141448208131,-1095.5633390856235
83,100875,22,M,High School,Single,$40k - $60k,46000,2017-08-31,18,4200,0.906668887277087,655.0,3,3,4,3,3279.6246978077756,42522.51063374012,2.700913225865613,0.0,30,0.0,0,30.0,0.65,0.6599542643240823,2513.111993651634,963.7553862398072,-933.7553862398072,-1723.5695310606202,-933.7553862398071
84,100875,22,M,High School,Single,$40k - $60k,46000,2017-09-30,19,4200,0.9189867846174277,655.0,3,3,4,4,3279.6246978077756,49904.86773924787,2.712315738074622,0.0,0,0.0,0,0.0,0.72,0.730064210015014,2817.8613158890325,304.7493222373987,-304.7493222373987,-2028.318853298019,-304.7493222373987
85,100875,22,M,High School,Single,$40k - $60k,46000,2017-10-31,20,4200,0.9258857300213539,655.0,3,3,4,5,3279.6246978077756,57287.22484475562,2.7112971839193887,0.0,0,0.0,0,0.0,0.8,0.8101183830240902,3150.32361197391,332.4622960848774,-332.4622960848774,-2360.7811493828963,-332.4622960848774
86,100875,22,M,High School,Single,$40k - $60k,46000,2017-11-30,21,4200,0.9358570588708461,655.0,3,3,4,6,3279.6246978077756,64669.58195026337,2.7168436131337983,0.0,0,0.0,0,0.0,0.84,0.8502037000841005,3341.8103636476326,191.48675167372267,-191.48675167372267,-2552.267901056619,-191.48675167372267
87,100875,22,M,High School,Single,$40k - $60k,46000,2017-12-31,22,4200,0.9460246214111733,655.0,3,3,4,7,3279.6246978077756,72051.93905577112,2.7141692252108665,0.0,0,0.0,0,0.0,0.86,0.8702823661965002,3457.8958932078294,116.08552956019685,-116.08552956019685,-2668.353430616816,-116.08552956019685
88,100876,21,M,High School,Single,$40k - $60k,46000,2016-03-31,1,3300,0.17637901853344098,691.0,1,0,1,0,505.231418093579,31341.067531401666,0.41488413709093375,11.641015223207106,0,10.361454332735816,0,22.002469555942923,0.05,0.051825916285358466,30.16531402172575,30.16531402172575,-8.162844465782825,-8.162844465782825,-8.162844465782825
89,100876,21,M,High School,Single,$40k - $60k,46000,2016-04-30,2,3300,0.17565506677799608,691.0,1,0,1,0,503.1576840685458,29942.708146575056,0.40131126467217,11.59323440734774,0,10.31892550410576,0,21.9121599114535,0.05,0.05180655179889614,30.030274942050287,-0.1350390796754617,22.047198991128962,13.884354525346136,22.047198991128962
90,100876,21,M,High School,Single,$40k - $60k,46000,2016-05-31,3,3300,0.1711054830625559,692.0,1,0,1,0,490.1255635170218,28518.284520645397,0.40012341766284976,11.292961882128692,0,10.051658431794923,0,21.344620313923613,0.05,0.0517689672821633,29.23124870973187,-0.7990262323184183,22.14364654624203,36.028001071588164,22.143646546242028
91,100876,21,M,High School,Single,$40k - $60k,46000,2016-06-30,4,3300,0.17840356111453007,691.0,1,0,1,0,511.03064822729556,27135.671064136284,0.40031283614808366,11.774635033558985,0,10.480386877394787,0,22.255021910953772,0.05,0.05182754132506433,30.51251918946642,1.2812704797345518,20.97375143121922,57.001752502807385,20.97375143121922
92,100876,21,M,High School,Single,$40k - $60k,46000,2016-07-31,5,3300,0.2182515482170631,690.0,1,0,1,0,625.1737883773262,25981.343887927233,0.4574586872556941,14.404602182326164,0,12.821272443304998,0,27.225874625631164,0.05,0.052203471072992204,37.598511667151215,7.085992477684794,20.13988214794637,77.14163465075376,20.139882147946373
93,100876,21,M,High School,Single,$40k - $60k,46000,2016-08-31,6,3300,0.21402928097636698,690.0,1,0,1,0,613.0792542126375,24802.827643388806,0.4529875574522479,14.12593254444022,0,12.573233705144172,0,26.699166249584394,0.05,0.05216522180526319,36.84412021934549,-0.7543914478057232,27.453557697390117,104.59519234814388,27.453557697390124
94,100876,21,M,High School,Single,$40k - $60k,46000,2016-09-30,7,3300,0.22141418496417603,690.0,1,0,1,1,634.2330487244166,23666.618987873935,0.478280150551757,14.61333620763562,30,0.0,0,44.61333620763562,0.15,0.15224959363026516,111.24372495974815,74.39960474040265,-29.786268532767032,74.80892381537686,-29.786268532767025
95,100876,21,M,High School,Single,$40k - $60k,46000,2016-10-31,8,3300,0.17926498121006612,691.0,1,0,1,0,513.4981554175539,22288.94054574534,0.42170262834689365,11.831488759864365,0,10.530991337355001,0,22.36248009721937,0.05,0.051855822478027426,30.676579039115165,-80.56714592063298,102.92962601785234,177.7385498332292,102.92962601785234
96,100876,21,M,High School,Single,$40k - $60k,46000,2016-11-30,9,3300,0.19202932320383762,691.0,1,0,1,0,550.0611585466471,20984.388109874926,0.4208338662022636,12.673935331453283,0,11.280837593194155,0,23.954772924647436,0.05,0.05195706845183297,32.92502627852112,2.2484472394059587,21.706325685241477,199.44487551847067,21.706325685241467
97,100876,21,M,High School,Single,$40k - $60k,46000,2016-12-31,10,3300,0.17663055342059983,691.0,1,0,1,0,505.9519308212036,19591.617218553627,0.4130742588835172,11.657616525759588,0,10.37623084792485,0,22.033847373684438,0.05,0.05182611868624832,30.208450883139314,-2.7165753953818097,24.750422769066247,224.1952982875369,24.750422769066233
98,100876,22,M,High School,Single,$40k - $60k,46000,2017-01-31,11,3300,0.18301227716350907,691.0,1,0,1,0,524.2321512426603,18235.40676807524,0.4137852389270965,12.078810292791598,0,10.751127701734891,0,22.82993799452649,0.05,0.051877883456235174,31.331155632970823,1.1227047498315095,21.70723324469498,245.90253153223188,21.707233244694976
99,100876,22,M,High School,Single,$40k - $60k,46000,2017-02-28,12,3300,0.19522535573023858,691.0,1,0,1,0,559.2160799143529,16949.16417494024,0.4232149629057446,12.884873478195745,0,11.46858977224352,100,124.35346325043926,0.05,0.051985017808747654,33.49101886137331,2.1598632284024895,122.19360002203678,368.09613155426865,122.19360002203678
100,100876,22,M,High School,Single,$40k - $60k,46000,2017-03-31,13,3300,0.2133484167764978,690.0,2,1,3,0,611.1289429562913,16377.87625084541,0.6281046596461736,14.080995507248854,0,12.533236071795274,0,26.61423157904413,0.05,0.05233489199385816,36.84636895189354,3.3553500905202256,23.258881488523905,391.35501304279256,23.25888148852391
101,100876,22,M,High School,Single,$40k - $60k,46000,2017-04-30,14,3300,0.31704193460887387,685.0,2,1,3,0,908.1553324734228,16697.667495301972,0.8424160256857087,20.924767684185678,0,18.624752276809115,0,39.54951996099479,0.05,0.05337875150255671,55.84689872314381,19.00052977125027,20.548990189744522,411.9040032325371,20.54899018974453
102,100876,22,M,High School,Single,$40k - $60k,46000,2017-05-31,15,3300,0.41646588924436984,680.0,2,1,3,0,1192.9517102434886,17871.847873068735,1.0738581842940509,27.48674869012841,0,24.465451324243546,0,51.952200014371954,0.05,0.054405585298249015,74.77163252161577,18.924733798471962,33.02746621589999,444.9314694484371,33.027466215900006
103,100876,22,M,High School,Single,$40k - $60k,46000,2017-06-30,16,3300,0.6179475014943057,670.0,3,2,3,1,1770.088614186038,20777.438962663146,1.5295685282338023,40.784535098624175,30,0.0,0,70.78453509862418,0.15,0.15647314854018823,319.08423093147707,244.3125984098613,-173.52806331123713,271.40340613719997,-173.52806331123713
104,100876,22,M,High School,Single,$40k - $60k,46000,2017-07-31,17,3300,0.9,660.0,3,2,3,2,2578.0179528440317,26106.818068231536,2.1613899366988876,15.245918396707397,30,0.0,0,45.245918396707395,0.4,0.4093613899366989,1215.8033281119958,896.7190971805187,-851.4731787838114,-580.0697726466115,-851.4731787838114
105,100876,22,M,High School,Single,$40k - $60k,46000,2017-08-31,18,3300,0.9065970101076942,655.0,3,3,4,3,2596.914853391509,31492.887875442357,2.170082054898198,0.0,30,0.0,0,30.0,0.65,0.6594228581357597,1972.841612222415,757.0382841104192,-727.0382841104192,-1307.1080567570307,-727.0382841104192
106,100876,22,M,High School,Single,$40k - $60k,46000,2017-09-30,19,3300,0.9177359821079416,655.0,3,3,4,4,2596.914853391509,36878.95768265318,2.1690785122750884,0.0,0,0.0,0,0.0,0.72,0.7295109663691386,2209.3449284916733,236.50331626925822,-236.50331626925822,-1543.611373026289,-236.50331626925822
107,100876,22,M,High School,Single,$40k - $60k,46000,2017-10-31,20,3300,0.9289014226710538,655.0,3,3,4,5,2596.914853391509,42265.027489864,2.180553692401361,0.0,0,0.0,0,0.0,0.8,0.8096117650737699,2481.7634172812177,272.4184887895444,-272.4184887895444,-1816.0298618158333,-272.4184887895444
108,100876,22,M,High School,Single,$40k - $60k,46000,2017-11-30,21,3300,0.9373196173931039,655.0,3,3,4,6,2596.914853391509,47651.09729707482,2.178058588593423,0.0,0,0.0,0,0.0,0.84,0.8496766155277382,2628.181248575279,146.41783129406122,-146.41783129406122,-1962.4476931098945,-146.41783129406122
109,100876,22,M,High School,Single,$40k - $60k,46000,2017-12-31,22,3300,0.947089175948001,655.0,3,3,4,7,2596.914853391509,53037.16710428564,2.1752751706963243,0.0,0,0.0,0,0.0,0.86,0.8697519885782803,2718.3178906677376,90.13664209245871,-90.13664209245871,-2052.584335202353,-90.13664209245849
110,100877,21,M,High School,Single,$40k - $60k,46000,2016-03-31,1,6000,0.20258593434636799,690.0,1,0,1,0,1018.1477476839771,31774.482725399164,0.6683557794654986,24.310312121564156,0,20.880513392085565,0,45.19082551364972,0.05,0.052289043254236445,63.55814810242284,63.55814810242284,-18.36732258877312,-18.36732258877312,-18.36732258877312
111,100877,21,M,High School,Single,$40k - $60k,46000,2016-04-30,2,6000,0.20778394014959164,690.0,1,0,1,0,1044.2716635327047,31334.18390338134,0.6996789736664719,24.934072817950998,0,21.41627136628322,0,46.35034418423422,0.05,0.05236195049486321,65.27983432644322,1.721686224020381,44.628657960213836,26.261335371440715,44.628657960213836
112,100877,21,M,High School,Single,$40k - $60k,46000,2016-05-31,3,6000,0.22874414385794567,689.0,1,0,1,1,1149.6125612880805,31104.56687687427,0.7550794364034973,27.449297262953483,30,0.0,0,57.44929726295348,0.15,0.15258503258726705,209.41759586826686,144.13776154182364,-86.68846427887016,-60.42712890742944,-86.68846427887016
113,100877,21,M,High School,Single,$40k - $60k,46000,2016-06-30,4,6000,0.22679771396675089,689.0,1,0,1,0,1139.8302769644488,30855.385281719933,0.7336418299525491,27.215725676010106,0,23.37601926341257,0,50.591744939422675,0.05,0.052548023541686556,71.50662967635311,-137.91096619191376,188.50271113133644,128.075582223907,188.50271113133644
114,100877,21,M,High School,Single,$40k - $60k,46000,2016-07-31,5,6000,0.17232666077207467,692.0,1,0,1,0,866.0719812413481,30058.687095119396,0.5923356592303846,20.67919929264896,0,17.76169288195798,0,38.440892174606944,0.05,0.051970948945406985,53.73588053350777,-17.770749142845347,56.21164131745229,184.28722354135928,56.21164131745229
115,100877,21,M,High School,Single,$40k - $60k,46000,2016-08-31,6,6000,0.2180141425888711,690.0,1,0,1,0,1095.6861785902763,29721.217303216716,0.7229099871246523,26.161697110664534,0,22.470697379255583,0,48.63239448992012,0.05,0.052467023127835626,68.63131836843333,14.89543783492556,33.73695665499456,218.02418019635383,33.73695665499454
116,100877,21,M,High School,Single,$40k - $60k,46000,2016-09-30,7,6000,0.19509318170085577,691.0,1,0,1,0,980.4909910360138,29153.357136205508,0.6501771627808556,23.411181804102693,0,20.10823607449692,0,43.51941787859961,0.05,0.052210922616387705,61.11597007660948,-7.515348291823848,51.03476617042346,269.05894636677726,51.03476617042344
117,100877,21,M,High School,Single,$40k - $60k,46000,2016-10-31,8,6000,0.19136570766134195,691.0,1,0,1,0,961.7576110008883,28548.030209124052,0.6385202679593618,22.963884919361035,0,19.724045672276553,0,42.68793059163759,0.05,0.0521694459292501,59.90065763130636,-1.2153124453031197,43.90324303694071,312.96218940371796,43.903243036940694
118,100877,21,M,High School,Single,$40k - $60k,46000,2016-11-30,9,6000,0.20616333168913165,690.0,1,0,1,0,1036.1268786579867,28091.44181735679,0.6957262737299836,24.7395998026958,0,21.249235403144212,0,45.98883520584001,0.05,0.05234503292724304,64.74975831394634,4.849100682639985,41.139734523200026,354.101923926918,41.13973452320005
119,100877,21,M,High School,Single,$40k - $60k,46000,2016-12-31,10,6000,0.22675630288729265,689.0,1,0,1,0,1139.6221549276668,27841.84397812889,0.7477595947756452,27.21075634647512,0,23.371751027308232,0,50.58250737378335,0.05,0.05256181001787399,71.5123302763042,6.762571962357853,43.8199354114255,397.9218593383435,43.81993541142549
120,100877,22,M,High School,Single,$40k - $60k,46000,2017-01-31,11,6000,0.1845783567616819,691.0,1,0,1,0,927.6460323588365,27168.29389376333,0.6191612350773406,22.149402811401828,0,19.02447404695914,0,41.17387685836097,0.05,0.0520957880891708,57.69452975822368,-13.817800518080517,54.99167737644149,452.913536714785,54.99167737644149
121,100877,22,M,High School,Single,$40k - $60k,46000,2017-02-28,12,6000,0.22240084794819442,690.0,1,0,1,0,1117.7326952734732,26874.917135227042,0.7341248998302593,26.688101753783332,0,22.92283469223348,100,149.6109364460168,0.05,0.05251333168341582,70.07405696985877,12.379527211635093,137.23140923438172,590.1449459491666,137.23140923438166
122,100877,22,M,High School,Single,$40k - $60k,46000,2017-03-31,13,6000,0.2191888761125625,690.0,2,1,3,0,1101.59010422625,27650.845298822558,1.0005027041844772,26.3026651335075,0,22.591777054173345,0,48.894442187680845,0.05,0.05275401371308498,69.37855785718683,-0.6954991126719392,49.589941300352784,639.7348872495194,49.589941300352734
123,100877,22,M,High School,Single,$40k - $60k,46000,2017-04-30,14,6000,0.3133848983058516,685.0,2,1,3,0,1574.9964547032503,29846.992513849076,1.3784581311917927,37.606187796702194,0,32.30055229187249,0,69.90674008857468,0.05,0.05388553731763861,101.32148179466607,31.942923937479236,37.96381615109544,677.6987034006148,37.96381615109544
124,100877,22,M,High School,Single,$40k - $60k,46000,2017-05-31,15,6000,0.41100555143586703,680.0,2,1,3,0,2065.614169266936,33514.992872566654,1.772536451609454,49.320666172304044,0,42.36230392138275,0,91.68297009368679,0.05,0.0550605808630964,135.7812264000965,34.45974460543043,57.22322548825636,734.9219288888712,57.22322548825639
125,100877,22,M,High School,Single,$40k - $60k,46000,2017-06-30,16,6000,0.6104522582415117,670.0,3,2,3,1,3067.984921078187,40190.105486717985,2.534365460378636,73.2542709889814,30,0.0,0,103.2542709889814,0.15,0.15741798352631073,576.5769811887689,440.79575478867235,-337.5414837996909,397.3804450891803,-337.5414837996909
126,100877,22,M,High School,Single,$40k - $60k,46000,2017-07-31,17,6000,0.9,660.0,3,2,3,2,4523.1816111620765,51230.80817112098,3.6880365924366187,27.931113221363,30,0.0,0,57.931113221363,0.4,0.41088803659243667,2218.795397599158,1642.2184164103892,-1584.2873031890263,-1186.906858099846,-1584.2873031890263
127,100877,22,M,High School,Single,$40k - $60k,46000,2017-08-31,18,6000,0.905748828501454,655.0,3,3,4,3,4552.073828232633,62358.187506735645,3.7001711732898523,0.0,30,0.0,0,30.0,0.65,0.6609461618013015,3591.907270524368,1373.1118729252098,-1343.1118729252098,-2530.018731025056,-1343.1118729252098
128,100877,22,M,High School,Single,$40k - $60k,46000,2017-09-30,19,6000,0.9157341514533984,655.0,3,3,4,4,4552.073828232633,73485.56684235031,3.696570203180792,0.0,0,0.0,0,0.0,0.72,0.7310224434148079,4016.533301483095,424.6260309587269,-424.6260309587269,-2954.6447619837827,-424.6260309587269
129,100877,22,M,High School,Single,$40k - $60k,46000,2017-10-31,20,6000,0.9289951914032656,655.0,3,3,4,5,4552.073828232633,84612.94617796497,3.711556462654202,0.0,0,0.0,0,0.0,0.8,0.8111435179938804,4521.290566525459,504.75726504236445,-504.75726504236445,-3459.402027026147,-504.75726504236445
130,100877,22,M,High School,Single,$40k - $60k,46000,2017-11-30,21,6000,0.9387268113563907,655.0,3,3,4,6,4552.073828232633,95740.32551357964,3.7133066308922453,0.0,0,0.0,0,0.0,0.84,0.8512231211217434,4794.395797460694,273.10523093523443,-273.10523093523443,-3732.5072579613816,-273.10523093523443
131,100877,22,M,High School,Single,$40k - $60k,46000,2017-12-31,22,6000,0.9471396346887101,655.0,3,3,4,7,4552.073828232633,106867.7048491943,3.7173612440203567,0.0,0,0.0,0,0.0,0.86,0.8712944783215301,4951.4252034224655,157.02940596177177,-157.02940596177177,-3889.5366639231534,-157.02940596177177
